[gd_scene load_steps=34 format=3 uid="uid://dbr6ytksfycht"]

[ext_resource type="PackedScene" uid="uid://dibi1q00jp0my" path="res://Scenes/player.tscn" id="1_l756w"]
[ext_resource type="Script" uid="uid://brw7sqjamn7a8" path="res://Scripts/main_game.gd" id="1_r0mdn"]
[ext_resource type="PackedScene" uid="uid://ddcd3rdyrh7fd" path="res://Scenes/damage_number.tscn" id="2_0xqxu"]
[ext_resource type="Script" uid="uid://bu47o2umc3wv0" path="res://Scripts/camera_rig.gd" id="3_0e3vx"]
[ext_resource type="Texture2D" uid="uid://b4qokg1e3wn0k" path="res://Images/mouse-right-click-icon-15087.png" id="4_6j5ir"]
[ext_resource type="Texture2D" uid="uid://3hu5qy0psuf0" path="res://Images/wasdIcon.PNG" id="5_6y7pd"]
[ext_resource type="Texture2D" uid="uid://ckgsbs0tg075p" path="res://Images/ctrlIcon.PNG" id="6_73nn6"]
[ext_resource type="Texture2D" uid="uid://b8jsfyosn0qbe" path="res://Images/shiftIcon.PNG" id="7_r0mdn"]
[ext_resource type="Texture2D" uid="uid://depvusyys0gh0" path="res://Images/spaceIcon.PNG" id="8_0xqxu"]
[ext_resource type="PackedScene" uid="uid://551b4k5hppq3" path="res://Scenes/enemy.tscn" id="9_73nn6"]
[ext_resource type="MeshLibrary" uid="uid://cgoppq6vbwm57" path="res://MeshLibraries/meshlib_floors.tres" id="10_i47ox"]
[ext_resource type="MeshLibrary" uid="uid://cy8olioxcxmaa" path="res://MeshLibraries/meshlib_walls.tres" id="12_c78sm"]
[ext_resource type="PackedScene" uid="uid://cmapi8cbx8pe0" path="res://Scenario/Structures/crypt.fbx" id="13_c78sm"]
[ext_resource type="MeshLibrary" uid="uid://c8ml8i0pdo0uf" path="res://MeshLibraries/meshlib_floors_paths.tres" id="13_i47ox"]
[ext_resource type="PackedScene" uid="uid://bs5vxpyk0dwoc" path="res://Scenario/Trees/tree_dead_large.fbx" id="15_0bxlt"]
[ext_resource type="PackedScene" uid="uid://d2tw2c5655gia" path="res://Scenario/Trees/tree_dead_large_decorated.fbx" id="16_58qbg"]
[ext_resource type="PackedScene" uid="uid://bruffdjmb630c" path="res://Scenario/Trees/tree_dead_medium.fbx" id="17_gnsnf"]
[ext_resource type="PackedScene" uid="uid://hs7wfsceuonb" path="res://Scenario/Trees/tree_dead_small.fbx" id="18_06qyo"]
[ext_resource type="PackedScene" uid="uid://b5i815ca665pq" path="res://Scenario/Trees/tree_pine_orange_large.fbx" id="19_3bgrf"]
[ext_resource type="PackedScene" uid="uid://bqmgw5i5mn6t" path="res://Scenario/Trees/tree_pine_orange_medium.fbx" id="20_vt8ts"]
[ext_resource type="PackedScene" uid="uid://biqkftjdbjp0i" path="res://Scenario/Trees/tree_pine_orange_small.fbx" id="21_bbjgr"]
[ext_resource type="PackedScene" uid="uid://c5rvo2yl6vfka" path="res://Scenario/Trees/tree_pine_yellow_large.fbx" id="22_jbexl"]
[ext_resource type="PackedScene" uid="uid://cxsvkse0vuc0w" path="res://Scenario/Trees/tree_pine_yellow_medium.fbx" id="23_sgmg2"]
[ext_resource type="PackedScene" uid="uid://cm4cd8s4goc0p" path="res://Scenario/Trees/tree_pine_yellow_small.fbx" id="24_g6spl"]

[sub_resource type="StyleBoxFlat" id="StyleBoxFlat_6y7pd"]
bg_color = Color(0.16, 0.16, 0.16, 1)
corner_radius_top_left = 3
corner_radius_top_right = 3
corner_radius_bottom_right = 3
corner_radius_bottom_left = 3

[sub_resource type="StyleBoxFlat" id="StyleBoxFlat_73nn6"]
bg_color = Color(0.99309677, 0.8622809, 0.39361286, 1)
border_width_left = 2
border_width_top = 2
border_width_right = 2
border_width_bottom = 2
border_color = Color(0.6, 0.522, 0.24, 1)
border_blend = true
corner_radius_top_left = 3
corner_radius_top_right = 3
corner_radius_bottom_right = 3
corner_radius_bottom_left = 3

[sub_resource type="StyleBoxFlat" id="StyleBoxFlat_r0mdn"]
bg_color = Color(0.7602029, 2.5509298e-06, 4.813075e-07, 1)
corner_radius_top_left = 5
corner_radius_top_right = 5
corner_radius_bottom_right = 5
corner_radius_bottom_left = 5

[sub_resource type="NavigationMesh" id="NavigationMesh_0xqxu"]
vertices = PackedVector3Array(-5.5, 0.3755, -6.5, -5.5, 0.3755, 3.5, 7.5, 0.3755, 3.5, 7.5, 0.3755, -6.5)
polygons = [PackedInt32Array(3, 2, 0), PackedInt32Array(0, 2, 1)]

[sub_resource type="BoxShape3D" id="BoxShape3D_06qyo"]
size = Vector3(1.5029297, 4.617676, 1.9814453)

[sub_resource type="BoxShape3D" id="BoxShape3D_3bgrf"]
size = Vector3(6.7111816, 4.6123047, 1.3903809)

[sub_resource type="BoxShape3D" id="BoxShape3D_0bxlt"]
size = Vector3(14.070557, 4.6250916, 0.16015625)

[sub_resource type="BoxShape3D" id="BoxShape3D_58qbg"]
size = Vector3(11.121338, 4.6250916, 0.16015625)

[sub_resource type="BoxShape3D" id="BoxShape3D_gnsnf"]
size = Vector3(11.099121, 4.6250916, 0.16015625)

[node name="MainGame" type="Node3D"]
script = ExtResource("1_r0mdn")
damage_number_scene = ExtResource("2_0xqxu")

[node name="CanvasLayer" type="CanvasLayer" parent="."]

[node name="InstructionsPanel" type="PanelContainer" parent="CanvasLayer"]
anchors_preset = -1
anchor_right = 1.0
anchor_bottom = 0.98765427
offset_left = 16.666668
offset_top = 777.0
offset_right = -1569.0
grow_horizontal = 2
grow_vertical = 2
metadata/_edit_use_anchors_ = true

[node name="Panel" type="Panel" parent="CanvasLayer/InstructionsPanel"]
layout_mode = 2

[node name="TexturesVBox" type="VBoxContainer" parent="CanvasLayer/InstructionsPanel/Panel"]
layout_mode = 0
offset_right = 166.0
offset_bottom = 280.0
alignment = 1

[node name="MouseTexture" type="TextureRect" parent="CanvasLayer/InstructionsPanel/Panel/TexturesVBox"]
custom_minimum_size = Vector2(0, 58.71)
layout_mode = 2
size_flags_horizontal = 4
size_flags_vertical = 4
texture = ExtResource("4_6j5ir")
expand_mode = 3

[node name="WASDTexture" type="TextureRect" parent="CanvasLayer/InstructionsPanel/Panel/TexturesVBox"]
custom_minimum_size = Vector2(0, 78.44)
layout_mode = 2
size_flags_horizontal = 4
size_flags_vertical = 4
texture = ExtResource("5_6y7pd")
expand_mode = 3

[node name="ShiftTexture" type="TextureRect" parent="CanvasLayer/InstructionsPanel/Panel/TexturesVBox"]
custom_minimum_size = Vector2(0, 37.935)
layout_mode = 2
size_flags_horizontal = 4
size_flags_vertical = 4
texture = ExtResource("7_r0mdn")
expand_mode = 3

[node name="CtrlTexture" type="TextureRect" parent="CanvasLayer/InstructionsPanel/Panel/TexturesVBox"]
custom_minimum_size = Vector2(0, 37.935)
layout_mode = 2
size_flags_horizontal = 4
size_flags_vertical = 4
texture = ExtResource("6_73nn6")
expand_mode = 3

[node name="SpaceTexture" type="TextureRect" parent="CanvasLayer/InstructionsPanel/Panel/TexturesVBox"]
custom_minimum_size = Vector2(81.245, 39.06)
layout_mode = 2
size_flags_horizontal = 4
size_flags_vertical = 4
texture = ExtResource("8_0xqxu")
expand_mode = 3

[node name="LabelsVBox" type="VBoxContainer" parent="CanvasLayer/InstructionsPanel/Panel"]
layout_mode = 0
offset_left = 169.0
offset_top = 27.0
offset_right = 283.0
offset_bottom = 290.0

[node name="RotateCameraLabel" type="Label" parent="CanvasLayer/InstructionsPanel/Panel/LabelsVBox"]
layout_mode = 2
theme_override_colors/font_outline_color = Color(0, 0, 0, 1)
theme_override_font_sizes/font_size = 20
text = "Rotate camera"
vertical_alignment = 1

[node name="ReferenceRect" type="ReferenceRect" parent="CanvasLayer/InstructionsPanel/Panel/LabelsVBox"]
custom_minimum_size = Vector2(0, 31.695)
layout_mode = 2

[node name="MovementLabel" type="Label" parent="CanvasLayer/InstructionsPanel/Panel/LabelsVBox"]
layout_mode = 2
theme_override_font_sizes/font_size = 20
text = "Movement"
vertical_alignment = 1

[node name="ReferenceRect2" type="ReferenceRect" parent="CanvasLayer/InstructionsPanel/Panel/LabelsVBox"]
custom_minimum_size = Vector2(0, 21.535)
layout_mode = 2

[node name="RollLabel" type="Label" parent="CanvasLayer/InstructionsPanel/Panel/LabelsVBox"]
layout_mode = 2
theme_override_font_sizes/font_size = 20
text = "Roll"
vertical_alignment = 1

[node name="ReferenceRect3" type="ReferenceRect" parent="CanvasLayer/InstructionsPanel/Panel/LabelsVBox"]
custom_minimum_size = Vector2(0, 8.745)
layout_mode = 2

[node name="CrouchLabel" type="Label" parent="CanvasLayer/InstructionsPanel/Panel/LabelsVBox"]
layout_mode = 2
theme_override_font_sizes/font_size = 20
text = "Crouch"
vertical_alignment = 1

[node name="ReferenceRect4" type="ReferenceRect" parent="CanvasLayer/InstructionsPanel/Panel/LabelsVBox"]
custom_minimum_size = Vector2(0, 6.345)
layout_mode = 2

[node name="JumpLabel" type="Label" parent="CanvasLayer/InstructionsPanel/Panel/LabelsVBox"]
layout_mode = 2
theme_override_font_sizes/font_size = 20
text = "Jump"
vertical_alignment = 1

[node name="StaminaBarContainer" type="Control" parent="CanvasLayer"]
layout_mode = 3
anchors_preset = 7
anchor_left = 0.5
anchor_top = 1.0
anchor_right = 0.5
anchor_bottom = 1.0
offset_left = -218.66498
offset_top = -40.0
offset_right = 219.0
offset_bottom = -6.0
grow_horizontal = 2
grow_vertical = 0
size_flags_horizontal = 4
size_flags_vertical = 4

[node name="HBoxContainer" type="HBoxContainer" parent="CanvasLayer/StaminaBarContainer"]
layout_mode = 1
anchors_preset = 15
anchor_right = 1.0
anchor_bottom = 1.0
offset_left = 29.0
offset_top = 13.0
offset_right = -29.0
offset_bottom = -13.0
grow_horizontal = 2
grow_vertical = 2
theme_override_constants/separation = 1
alignment = 1

[node name="StaminaBar" type="ProgressBar" parent="CanvasLayer/StaminaBarContainer/HBoxContainer"]
layout_mode = 2
size_flags_horizontal = 3
size_flags_vertical = 1
theme_override_styles/background = SubResource("StyleBoxFlat_6y7pd")
theme_override_styles/fill = SubResource("StyleBoxFlat_73nn6")
value = 35.0
show_percentage = false

[node name="StaminaBar2" type="ProgressBar" parent="CanvasLayer/StaminaBarContainer/HBoxContainer"]
layout_mode = 2
size_flags_horizontal = 3
size_flags_vertical = 5
theme_override_styles/background = SubResource("StyleBoxFlat_6y7pd")
theme_override_styles/fill = SubResource("StyleBoxFlat_73nn6")
value = 35.0
show_percentage = false

[node name="StaminaBar3" type="ProgressBar" parent="CanvasLayer/StaminaBarContainer/HBoxContainer"]
layout_mode = 2
size_flags_horizontal = 3
size_flags_vertical = 5
theme_override_styles/background = SubResource("StyleBoxFlat_6y7pd")
theme_override_styles/fill = SubResource("StyleBoxFlat_73nn6")
value = 35.0
show_percentage = false

[node name="PlayerHealthBar" type="ProgressBar" parent="CanvasLayer"]
anchors_preset = 7
anchor_left = 0.5
anchor_top = 1.0
anchor_right = 0.5
anchor_bottom = 1.0
offset_left = -188.0
offset_top = -71.0
offset_right = 188.0
offset_bottom = -44.0
grow_horizontal = 2
grow_vertical = 0
theme_override_styles/fill = SubResource("StyleBoxFlat_r0mdn")
value = 17.93
show_percentage = false

[node name="DirectionalLight3D" type="DirectionalLight3D" parent="."]
transform = Transform3D(1, 0, 0, 0, 0.85075605, 0.52556074, 0, -0.52556074, 0.85075605, 0, 3.0693748, 4.2994194)

[node name="CameraRig" type="Node3D" parent="." node_paths=PackedStringArray("target_node")]
script = ExtResource("3_0e3vx")
target_node = NodePath("../Player")

[node name="Camera3D" type="Camera3D" parent="CameraRig"]
transform = Transform3D(1, 0, 0, 0, 0.77135813, 0.6364014, 0, -0.6364014, 0.77135813, 0.99298096, 6.28463, 5.472168)
projection = 1
size = 8.0

[node name="Player" parent="." node_paths=PackedStringArray("camera_rig") instance=ExtResource("1_l756w")]
transform = Transform3D(1, 0, 0, 0, 1, 0, 0, 0, 1, 1.0271103, 0.24796006, 0)
camera_rig = NodePath("../CameraRig")
max_speed = 1.5
min_animation_speed = 0.3

[node name="Enemy" parent="." instance=ExtResource("9_73nn6")]
transform = Transform3D(1, 0, 0, 0, 1, 0, 0, 0, 1, 1.0271103, 0, -1.9630623)

[node name="GridMaps" type="Node3D" parent="."]

[node name="NavigationRegion3D" type="NavigationRegion3D" parent="GridMaps"]
navigation_mesh = SubResource("NavigationMesh_0xqxu")

[node name="GridMap_Floor" type="GridMap" parent="GridMaps/NavigationRegion3D"]
mesh_library = ExtResource("10_i47ox")
cell_size = Vector3(1, 0.001, 1)
cell_center_x = false
cell_center_z = false
collision_layer = 2
collision_mask = 5
data = {
"cells": PackedInt32Array(65535, 65535, 0, 65535, 0, 0, 0, 65535, 0, 0, 0, 0, 65530, 65530, 0, 65530, 65531, 0, 65530, 65532, 0, 65530, 65533, 0, 65530, 65534, 0, 65530, 1, 0, 65530, 2, 0, 65531, 65530, 0, 65531, 65531, 0, 65531, 65532, 0, 65531, 65533, 0, 65531, 65534, 0, 65531, 65535, 0, 65531, 0, 0, 65531, 1, 0, 65531, 2, 0, 65532, 65530, 0, 65532, 65531, 0, 65532, 65532, 1, 65532, 65533, 0, 65532, 65534, 0, 65532, 65535, 0, 65532, 0, 0, 65532, 1, 0, 65532, 2, 0, 65533, 65530, 0, 65533, 65531, 0, 65533, 65532, 0, 65533, 65533, 0, 65533, 65534, 0, 65533, 65535, 0, 65533, 0, 0, 65533, 1, 0, 65533, 2, 0, 65534, 65530, 0, 65534, 65531, 0, 65534, 65532, 0, 65534, 65533, 0, 65534, 65534, 0, 65534, 65535, 0, 65534, 0, 0, 65534, 1, 0, 65534, 2, 0, 65535, 65530, 0, 65535, 65531, 0, 65535, 65532, 0, 65535, 65533, 0, 65535, 65534, 0, 65535, 1, 0, 65535, 2, 0, 0, 65530, 0, 0, 65531, 0, 0, 65532, 0, 0, 65533, 0, 0, 65534, 0, 0, 1, 0, 0, 2, 0, 1, 65530, 0, 1, 65531, 0, 1, 65532, 0, 1, 65533, 0, 1, 65534, 0, 1, 65535, 0, 1, 0, 0, 1, 2, 0, 2, 65530, 0, 2, 65531, 0, 2, 65532, 0, 2, 65533, 0, 2, 65534, 0, 2, 65535, 0, 2, 0, 0, 2, 1, 0, 2, 2, 655360, 5, 65532, 655361, 5, 65533, 655360, 65530, 65529, 0, 65531, 65529, 0, 65532, 65529, 0, 65533, 65529, 0, 65534, 65529, 0, 65535, 65529, 0, 0, 65529, 0, 1, 65529, 0, 2, 65529, 0, 3, 65529, 0, 4, 65529, 0, 5, 65529, 8, 65530, 65528, 0, 65531, 65528, 0, 65532, 65528, 0, 65533, 65528, 0, 65534, 65528, 0, 65535, 65528, 0, 0, 65528, 0, 1, 65528, 0, 6, 65529, 1441792, 65530, 65535, 0, 65530, 0, 0, 65530, 3, 0, 65531, 3, 0, 65532, 3, 0, 65533, 3, 0, 65534, 3, 0, 65535, 3, 0, 0, 3, 0, 1, 3, 0, 2, 3, 0, 3, 3, 0, 4, 3, 655360, 5, 3, 655360, 6, 3, 655360, 7, 3, 1441792, 7, 2, 1441792, 7, 1, 1441792, 8, 1, 1441792, 8, 0, 1441792, 8, 65535, 1441792, 7, 65535, 1441792, 7, 0, 1441792, 7, 65534, 1441792, 7, 65533, 1441792, 7, 65532, 1441792, 7, 65531, 1441792, 7, 65530, 1441792, 7, 65529, 1441792, 8, 65529, 1441792, 8, 65530, 1441792, 8, 65531, 1441792, 8, 65532, 1441792, 8, 65534, 1441792, 8, 65533, 1441792, 8, 3, 1441792, 8, 2, 1441792, 6, 2, 655361, 4, 65531, 655360, 5, 65531, 655360, 6, 65531, 655360, 6, 65532, 655360, 6, 65533, 655360, 6, 65534, 655360, 5, 65534, 655360, 5, 65535, 655360, 5, 0, 655360, 6, 0, 655360, 6, 65535, 655360, 6, 1, 655360, 5, 1, 655360, 4, 0, 655360, 4, 65535, 655360, 4, 65534, 655360, 4, 65533, 655360, 4, 65532, 655360, 4, 1, 655360, 4, 2, 655360, 5, 2, 655360, 3, 2, 1441792, 5, 4, 655360, 6, 4, 655360, 2, 65528, 0, 3, 65528, 0, 4, 65528, 0, 5, 65528, 0, 6, 65528, 0, 7, 65528, 0, 9, 65528, 1441792, 9, 65529, 1441792, 9, 65530, 1441792, 9, 65531, 1441792, 9, 65532, 1441792, 9, 65535, 1441792, 9, 65534, 1441792, 9, 65533, 1441792, 9, 0, 1441792, 9, 1, 1441792, 9, 2, 1441792, 9, 3, 1441792, 9, 4, 1441792, 8, 4, 1441792, 7, 5, 655360, 6, 5, 655360, 5, 5, 655360, 4, 5, 655360, 3, 5, 655360, 2, 5, 655360, 1, 5, 655360, 0, 5, 655360, 0, 4, 655360, 65535, 4, 655360, 65534, 4, 655360, 65533, 4, 655360, 65532, 4, 655360, 65531, 4, 655360, 65530, 4, 655360, 65531, 5, 655360, 65532, 5, 655360, 65533, 5, 655360, 65534, 5, 655360, 65535, 5, 655360, 65530, 5, 655360, 65529, 3, 1048576, 65529, 2, 1048576, 65529, 1, 1048576, 65529, 0, 1048576, 65529, 65535, 1048576, 65529, 65534, 1048576, 65529, 65533, 1048576, 65529, 65532, 1048576, 65529, 65531, 1048576, 65529, 65530, 1048576, 65529, 65529, 1048576, 65529, 65527, 0, 65530, 65527, 0, 65531, 65527, 0, 65532, 65527, 0, 65533, 65527, 0, 65534, 65527, 0, 65535, 65527, 0, 0, 65527, 0, 1, 65527, 0, 2, 65527, 0, 3, 65527, 0, 4, 65527, 0, 5, 65527, 0, 6, 65527, 0, 7, 65527, 0, 8, 65527, 0)
}

[node name="GridMap_Walls" type="GridMap" parent="GridMaps"]
mesh_library = ExtResource("12_c78sm")
cell_size = Vector3(1, 0.001, 1)
cell_center_x = false
cell_center_z = false
collision_layer = 2
collision_mask = 5
data = {
"cells": PackedInt32Array(65531, 4, 1, 65532, 4, 1, 65533, 4, 1, 65534, 4, 2, 65535, 4, 1, 0, 4, 2, 1, 4, 1, 2, 4, 1, 3, 4, 2, 4, 4, 1, 5, 4, 1, 6, 4, 1, 7, 4, 1, 8, 4, 1048578, 65531, 65529, 655361, 65532, 65529, 655361, 65533, 65529, 655362, 65534, 65529, 655361, 65535, 65529, 655361, 0, 65529, 655362, 1, 65529, 655361, 2, 65529, 655361, 3, 65529, 655361, 4, 65529, 655361, 5, 65529, 655362, 6, 65529, 655361, 7, 65529, 655361, 8, 65529, 655361, 8, 65530, 1048577, 8, 65531, 1048577, 8, 65532, 1048578, 8, 65533, 1048577, 8, 65534, 1048577, 8, 65535, 1048576, 8, 0, 1048578, 8, 1, 1048577, 8, 2, 1048577, 8, 3, 1048577, 65530, 4, 1, 65530, 3, 1441793, 65530, 2, 1441793, 65530, 1, 1441794, 65530, 0, 1441793, 65530, 65535, 1441793, 65530, 65534, 1441792, 65530, 65533, 1441793, 65530, 65532, 1441793, 65530, 65531, 1441794, 65530, 65530, 1441793, 65530, 65529, 1441793)
}

[node name="GridMap_FloorsPaths" type="GridMap" parent="GridMaps"]
mesh_library = ExtResource("13_i47ox")
cell_size = Vector3(0.5, 0.001, 0.5)
cell_octant_size = 1
cell_center_z = false
data = {
"cells": PackedInt32Array(2, 65526, 655360, 2, 65527, 655360, 2, 65528, 2, 2, 65529, 3, 2, 65530, 655360, 2, 65531, 2, 2, 65532, 655360, 2, 65533, 655360, 2, 65534, 3, 2, 65535, 2, 3, 65533, 2, 4, 65533, 655360, 5, 65533, 2, 6, 65533, 3, 7, 65533, 2, 8, 65533, 655360, 9, 65533, 3, 10, 65533, 655360, 11, 65533, 3, 12, 65533, 655360, 13, 65533, 3, 14, 65533, 655360, 15, 65533, 655360, 1, 65527, 0, 1, 65528, 655360, 1, 65529, 0, 1, 65530, 3, 1, 65531, 2, 1, 65532, 655360, 1, 65533, 2, 1, 65534, 655360, 1, 65535, 3, 0, 65533, 655360, 65535, 65533, 2, 65534, 65533, 655360, 65533, 65533, 3, 65532, 65533, 2, 65531, 65533, 655360, 65530, 65533, 2, 65529, 65533, 655360, 65528, 65533, 2, 65527, 65533, 3, 65526, 65533, 655360, 65525, 65533, 3, 65524, 65533, 655360, 16, 65533, 655360, 17, 65533, 655360, 65523, 65533, 655360, 65522, 65533, 655360, 1, 0, 2, 1, 1, 2, 0, 1, 2, 65535, 1, 1, 65535, 2, 2, 65534, 2, 3, 65534, 3, 2, 65533, 3, 1, 65533, 4, 2, 65532, 4, 0, 65532, 5, 1, 65531, 5, 2, 65531, 6, 3, 65530, 6, 0, 65530, 7, 2, 65529, 7, 3, 65529, 8, 3, 65528, 8, 3, 65528, 9, 2, 65527, 9, 2, 2, 0, 0, 2, 1, 1, 2, 2, 3, 2, 3, 1, 2, 4, 0, 2, 5, 3, 2, 6, 2, 2, 7, 1, 2, 8, 1, 2, 9, 3, 1, 2, 0, 1, 3, 2, 1, 4, 3, 1, 5, 0, 1, 6, 0, 1, 7, 3, 1, 8, 0, 1, 9, 0, 0, 0, 3, 65535, 0, 2, 65534, 1, 0, 65533, 2, 2, 65532, 3, 3, 65531, 4, 2, 65530, 5, 3, 65529, 6, 2, 65528, 7, 0, 65527, 8, 3, 65527, 7, 3, 65526, 9, 3, 1, 65526, 0)
}

[node name="Scenario" type="Node3D" parent="."]

[node name="Crypt" parent="Scenario" instance=ExtResource("13_c78sm")]
transform = Transform3D(1, 0, 0, 0, 1, 0, 0, 0, 1, 1.0042868, 1.1838973e-05, -5.844105)

[node name="StaticBody3D" type="StaticBody3D" parent="Scenario/Crypt"]
collision_layer = 2
collision_mask = 5

[node name="CollisionShape3D" type="CollisionShape3D" parent="Scenario/Crypt/StaticBody3D"]
transform = Transform3D(1, 0, 0, 0, 1, 0, 0, 0, 1, 0, 2.3269038, 0)
shape = SubResource("BoxShape3D_06qyo")

[node name="StaticBody3D2" type="StaticBody3D" parent="Scenario/Crypt"]
collision_layer = 2
collision_mask = 5

[node name="CollisionShape3D" type="CollisionShape3D" parent="Scenario/Crypt/StaticBody3D2"]
transform = Transform3D(1, 0, 0, 0, 1, 0, 0, 0, 1, -0.0158844, 2.3116233, -0.32385254)
shape = SubResource("BoxShape3D_3bgrf")

[node name="Trees" type="Node3D" parent="Scenario"]

[node name="tree_dead_large" parent="Scenario/Trees" instance=ExtResource("15_0bxlt")]
transform = Transform3D(1, 0, 0, 0, 1, 0, 0, 0, 1, -2.4931169, 0.0680743, -0.5276785)

[node name="tree_dead_large2" parent="Scenario/Trees" instance=ExtResource("15_0bxlt")]
transform = Transform3D(0.55136925, 0, -0.83426136, 0, 1, 0, 0.83426136, 0, 0.55136925, 6.689961, 0.0680743, 1.7362096)

[node name="tree_dead_large_decorated" parent="Scenario/Trees" instance=ExtResource("16_58qbg")]
transform = Transform3D(1, 0, 0, 0, 1, 0, 0, 0, 1, 5.0321693, 0.068073824, -4.7401447)

[node name="tree_dead_medium" parent="Scenario/Trees" instance=ExtResource("17_gnsnf")]
transform = Transform3D(1, 0, 0, 0, 1, 0, 0, 0, 1, 2.990702, 0.07507251, 1.0561471)

[node name="tree_dead_medium2" parent="Scenario/Trees" instance=ExtResource("17_gnsnf")]
transform = Transform3D(0.1141743, 0, 0.9934607, 0, 1, 0, -0.9934607, 0, 0.1141743, -5.544607, 0.07507251, 0.7125945)

[node name="tree_dead_small" parent="Scenario/Trees" instance=ExtResource("18_06qyo")]
transform = Transform3D(1, 0, 0, 0, 1, 0, 0, 0, 1, -0.0017784834, 0.07414543, 3.809197)

[node name="tree_dead_small2" parent="Scenario/Trees" instance=ExtResource("18_06qyo")]
transform = Transform3D(-0.7299356, 0, 0.68351597, 0, 1, 0, -0.68351597, 0, -0.7299356, 6.7998886, 0.1236602, 1.8928633)

[node name="tree_pine_orange_large" parent="Scenario/Trees" instance=ExtResource("19_3bgrf")]
transform = Transform3D(0.8219552, 0, 0.5695521, 0, 1, 0, -0.5695521, 0, 0.8219552, -0.18457973, 0.13870165, -6.6080723)

[node name="tree_pine_orange_large2" parent="Scenario/Trees" instance=ExtResource("19_3bgrf")]
transform = Transform3D(0.72932696, 0, -0.6841653, 0, 1, 0, 0.6841653, 0, 0.72932696, 3.1696835, 0.13870117, -7.5658126)

[node name="tree_pine_orange_large5" parent="Scenario/Trees" instance=ExtResource("19_3bgrf")]
transform = Transform3D(1, 0, 0, 0, 1, 0, 0, 0, 1, 5.9924364, 0.13870117, -8.197485)

[node name="tree_pine_orange_large8" parent="Scenario/Trees" instance=ExtResource("19_3bgrf")]
transform = Transform3D(0.14604853, 0, -0.9892774, 0, 1, 0, 0.9892774, 0, 0.14604853, 5.022666, 0.13870117, -8.388939)

[node name="tree_pine_orange_large6" parent="Scenario/Trees" instance=ExtResource("19_3bgrf")]
transform = Transform3D(1, 0, 0, 0, 1, 0, 0, 0, 1, 2.9004416, 0.13870117, -8.291325)

[node name="tree_pine_orange_large7" parent="Scenario/Trees" instance=ExtResource("19_3bgrf")]
transform = Transform3D(1, 0, 0, 0, 1, 0, 0, 0, 1, -4.6312613, 0.13870117, -8.270435)

[node name="tree_pine_orange_large3" parent="Scenario/Trees" instance=ExtResource("19_3bgrf")]
transform = Transform3D(-0.32454482, 0, -0.94587034, 0, 1, 0, 0.94587034, 0, -0.32454482, -1.947895, 0.13870117, -8.297039)

[node name="tree_pine_orange_large4" parent="Scenario/Trees" instance=ExtResource("19_3bgrf")]
transform = Transform3D(0.8640201, 0, -0.5034573, 0, 1, 0, 0.5034573, 0, 0.8640201, -3.90631, 0.13870022, -7.5710917)

[node name="tree_pine_orange_medium" parent="Scenario/Trees" instance=ExtResource("20_vt8ts")]
transform = Transform3D(1, 0, 0, 0, 1, 0, 0, 0, 1, 2.1106472, 0.12006362, -6.667542)

[node name="tree_pine_orange_medium2" parent="Scenario/Trees" instance=ExtResource("20_vt8ts")]
transform = Transform3D(0.21187064, 0, 0.9772977, 0, 1, 0, -0.9772977, 0, 0.21187064, 2.5104065, 0.12006362, -6.105463)

[node name="tree_pine_orange_medium10" parent="Scenario/Trees" instance=ExtResource("20_vt8ts")]
transform = Transform3D(0.21187064, 0, 0.9772977, 0, 1, 0, -0.9772977, 0, 0.21187064, 4.4342604, 0.12006362, -7.5418434)

[node name="tree_pine_orange_medium9" parent="Scenario/Trees" instance=ExtResource("20_vt8ts")]
transform = Transform3D(-0.96498907, 0, 0.26229018, 0, 1, 0, -0.26229018, 0, -0.96498907, 2.033895, 0.12006362, -5.5934377)

[node name="tree_pine_orange_medium3" parent="Scenario/Trees" instance=ExtResource("20_vt8ts")]
transform = Transform3D(0.21567273, 0, 0.9764657, 0, 1, 0, -0.9764657, 0, 0.21567273, -0.69000626, 0.12006362, -6.0393004)

[node name="tree_pine_orange_medium4" parent="Scenario/Trees" instance=ExtResource("20_vt8ts")]
transform = Transform3D(1, 0, 0, 0, 1, 0, 0, 0, 1, -2.1408582, 0.12006362, -6.5786896)

[node name="tree_pine_orange_medium5" parent="Scenario/Trees" instance=ExtResource("20_vt8ts")]
transform = Transform3D(1, 0, 0, 0, 1, 0, 0, 0, 1, 0.73741484, 0.12006362, -7.627848)

[node name="tree_pine_orange_medium6" parent="Scenario/Trees" instance=ExtResource("20_vt8ts")]
transform = Transform3D(1, 0, 0, 0, 1, 0, 0, 0, 1, -0.09620321, 0.12006362, -7.627848)

[node name="tree_pine_orange_medium7" parent="Scenario/Trees" instance=ExtResource("20_vt8ts")]
transform = Transform3D(1, 0, 0, 0, 1, 0, 0, 0, 1, -2.0171719, 0.12006362, -7.594133)

[node name="tree_pine_orange_medium11" parent="Scenario/Trees" instance=ExtResource("20_vt8ts")]
transform = Transform3D(0.6783649, 0, -0.7347252, 0, 1, 0, 0.7347252, 0, 0.6783649, -5.4635506, 0.12006362, -8.096005)

[node name="tree_pine_orange_medium8" parent="Scenario/Trees" instance=ExtResource("20_vt8ts")]
transform = Transform3D(1, 0, 0, 0, 1, 0, 0, 0, 1, 7.8509903, 0.120062664, -7.606204)

[node name="tree_pine_orange_small" parent="Scenario/Trees" instance=ExtResource("21_bbjgr")]
transform = Transform3D(1, 0, 0, 0, 1, 0, 0, 0, 1, 0.13939297, 0.09877783, -5.9325185)

[node name="tree_pine_orange_small13" parent="Scenario/Trees" instance=ExtResource("21_bbjgr")]
transform = Transform3D(0.6576908, 0, -0.753288, 0, 1, 0, 0.753288, 0, 0.6576908, 2.9098468, 0.09877783, -5.6529336)

[node name="tree_pine_orange_small14" parent="Scenario/Trees" instance=ExtResource("21_bbjgr")]
transform = Transform3D(-0.5406809, 0, 0.84122777, 0, 1, 0, -0.84122777, 0, -0.5406809, 3.462485, 0.09877783, -5.6240044)

[node name="tree_pine_orange_small2" parent="Scenario/Trees" instance=ExtResource("21_bbjgr")]
transform = Transform3D(1, 0, 0, 0, 1, 0, 0, 0, 1, 4.1259995, 0.09877783, -6.6108255)

[node name="tree_pine_orange_small3" parent="Scenario/Trees" instance=ExtResource("21_bbjgr")]
transform = Transform3D(0.7050428, 0, 0.7091648, 0, 1, 0, -0.7091648, 0, 0.7050428, -0.11507249, 0.09877783, -5.554798)

[node name="tree_pine_orange_small4" parent="Scenario/Trees" instance=ExtResource("21_bbjgr")]
transform = Transform3D(1, 0, 0, 0, 1, 0, 0, 0, 1, -0.8184142, 0.09877783, -5.569458)

[node name="tree_pine_orange_small5" parent="Scenario/Trees" instance=ExtResource("21_bbjgr")]
transform = Transform3D(1, 0, 0, 0, 1, 0, 0, 0, 1, -1.392096, 0.09877831, -7.43845)

[node name="tree_pine_orange_small6" parent="Scenario/Trees" instance=ExtResource("21_bbjgr")]
transform = Transform3D(1, 0, 0, 0, 1, 0, 0, 0, 1, -0.5961563, 0.09877831, -8.17206)

[node name="tree_pine_orange_small7" parent="Scenario/Trees" instance=ExtResource("21_bbjgr")]
transform = Transform3D(1, 0, 0, 0, 1, 0, 0, 0, 1, 1.0307927, 0.09877831, -8.274808)

[node name="tree_pine_orange_small8" parent="Scenario/Trees" instance=ExtResource("21_bbjgr")]
transform = Transform3D(0.7866334, 0, 0.6174204, 0, 1, 0, -0.6174204, 0, 0.7866334, 3.8878608, 0.09877831, -7.3145757)

[node name="tree_pine_orange_small9" parent="Scenario/Trees" instance=ExtResource("21_bbjgr")]
transform = Transform3D(1, 0, 0, 0, 1, 0, 0, 0, 1, 6.55164, 0.09877902, -7.3633094)

[node name="tree_pine_orange_small11" parent="Scenario/Trees" instance=ExtResource("21_bbjgr")]
transform = Transform3D(0.42215946, 0, 0.9065216, 0, 1, 0, -0.9065216, 0, 0.42215946, 6.02956, 0.098778784, -7.35469)

[node name="tree_pine_orange_small10" parent="Scenario/Trees" instance=ExtResource("21_bbjgr")]
transform = Transform3D(1, 0, 0, 0, 1, 0, 0, 0, 1, -5.3917794, 0.09877926, -7.429005)

[node name="tree_pine_orange_small12" parent="Scenario/Trees" instance=ExtResource("21_bbjgr")]
transform = Transform3D(0.5907606, 0, -0.8068469, 0, 1, 0, 0.8068469, 0, 0.5907606, -6.1175733, 0.09877926, -7.9888864)

[node name="tree_pine_yellow_large" parent="Scenario/Trees" instance=ExtResource("22_jbexl")]
transform = Transform3D(0.05709351, 0, 0.99836886, 0, 1, 0, -0.99836886, 0, 0.05709351, 1.549747, 0.13870165, -7.6381245)

[node name="tree_pine_yellow_large2" parent="Scenario/Trees" instance=ExtResource("22_jbexl")]
transform = Transform3D(0.030346632, 0, 0.99953943, 0, 1, 0, -0.99953943, 0, 0.030346632, -2.8711758, 0.13870165, -7.5626493)

[node name="tree_pine_yellow_large5" parent="Scenario/Trees" instance=ExtResource("22_jbexl")]
transform = Transform3D(1, 0, 0, 0, 1, 0, 0, 0, 1, 3.9683309, 0.13870165, -8.277716)

[node name="tree_pine_yellow_large6" parent="Scenario/Trees" instance=ExtResource("22_jbexl")]
transform = Transform3D(0.8573381, 0, 0.5147538, 0, 1, 0, -0.5147538, 0, 0.8573381, 5.3038044, 0.13870165, -7.505052)

[node name="tree_pine_yellow_large7" parent="Scenario/Trees" instance=ExtResource("22_jbexl")]
transform = Transform3D(0.3960263, 0, 0.9182392, 0, 1, 0, -0.9182392, 0, 0.3960263, -0.9258547, 0.13870165, -8.555471)

[node name="tree_pine_yellow_large3" parent="Scenario/Trees" instance=ExtResource("22_jbexl")]
transform = Transform3D(0.573505, 0, -0.81920207, 0, 1, 0, 0.81920207, 0, 0.573505, -1.3118697, 0.13870165, -6.555998)

[node name="tree_pine_yellow_large4" parent="Scenario/Trees" instance=ExtResource("22_jbexl")]
transform = Transform3D(0.84023553, 0, 0.5422216, 0, 1, 0, -0.5422216, 0, 0.84023553, 7.740526, 0.13870212, -8.432484)

[node name="tree_pine_yellow_large8" parent="Scenario/Trees" instance=ExtResource("22_jbexl")]
transform = Transform3D(0.68267465, 0, -0.7307225, 0, 1, 0, 0.7307225, 0, 0.68267465, 3.4600124, 0.13870212, -6.315924)

[node name="tree_pine_yellow_medium" parent="Scenario/Trees" instance=ExtResource("23_sgmg2")]
transform = Transform3D(1, 0, 0, 0, 1, 0, 0, 0, 1, 2.8309097, 0.12006314, -6.651568)

[node name="tree_pine_yellow_medium2" parent="Scenario/Trees" instance=ExtResource("23_sgmg2")]
transform = Transform3D(1, 0, 0, 0, 1, 0, 0, 0, 1, -1.9417024, 0.12006314, -5.857376)

[node name="tree_pine_yellow_medium3" parent="Scenario/Trees" instance=ExtResource("23_sgmg2")]
transform = Transform3D(0.40047696, 0, -0.9163068, 0, 1, 0, 0.9163068, 0, 0.40047696, -0.7792369, 0.12006314, -7.4887195)

[node name="tree_pine_yellow_medium4" parent="Scenario/Trees" instance=ExtResource("23_sgmg2")]
transform = Transform3D(1, 0, 0, 0, 1, 0, 0, 0, 1, 0.24479258, 0.12006362, -8.332659)

[node name="tree_pine_yellow_medium5" parent="Scenario/Trees" instance=ExtResource("23_sgmg2")]
transform = Transform3D(0.8896875, 0, -0.45657006, 0, 1, 0, 0.45657006, 0, 0.8896875, -2.7993703, 0.12006314, -8.304961)

[node name="tree_pine_yellow_medium6" parent="Scenario/Trees" instance=ExtResource("23_sgmg2")]
transform = Transform3D(0.7728443, 0, -0.63459563, 0, 1, 0, 0.63459563, 0, 0.7728443, -4.745943, 0.120062664, -7.4782357)

[node name="tree_pine_yellow_medium7" parent="Scenario/Trees" instance=ExtResource("23_sgmg2")]
transform = Transform3D(1, 0, 0, 0, 1, 0, 0, 0, 1, 7.099902, 0.120062664, -7.650176)

[node name="tree_pine_yellow_small" parent="Scenario/Trees" instance=ExtResource("24_g6spl")]
transform = Transform3D(1, 0, 0, 0, 1, 0, 0, 0, 1, 2.3646472, 0.09877783, -7.5046635)

[node name="tree_pine_yellow_small2" parent="Scenario/Trees" instance=ExtResource("24_g6spl")]
transform = Transform3D(-0.108346425, 0, 0.9941132, 0, 1, 0, -0.9941132, 0, -0.108346425, 4.158156, 0.09877783, -6.034244)

[node name="tree_pine_yellow_small9" parent="Scenario/Trees" instance=ExtResource("24_g6spl")]
transform = Transform3D(0.6805035, 0, 0.7327449, 0, 1, 0, -0.7327449, 0, 0.6805035, 3.9507666, 0.09877783, -5.7058883)

[node name="tree_pine_yellow_small3" parent="Scenario/Trees" instance=ExtResource("24_g6spl")]
transform = Transform3D(1, 0, 0, 0, 1, 0, 0, 0, 1, -1.3144222, 0.09877783, -5.666766)

[node name="tree_pine_yellow_small4" parent="Scenario/Trees" instance=ExtResource("24_g6spl")]
transform = Transform3D(1, 0, 0, 0, 1, 0, 0, 0, 1, -1.2789499, 0.09877783, -8.058449)

[node name="tree_pine_yellow_small5" parent="Scenario/Trees" instance=ExtResource("24_g6spl")]
transform = Transform3D(0.47633028, 0, -0.87926644, 0, 1, 0, 0.87926644, 0, 0.47633028, 2.1702552, 0.09877783, -8.129229)

[node name="tree_pine_yellow_small6" parent="Scenario/Trees" instance=ExtResource("24_g6spl")]
transform = Transform3D(1, 0, 0, 0, 1, 0, 0, 0, 1, 6.875382, 0.09877783, -8.148714)

[node name="tree_pine_yellow_small7" parent="Scenario/Trees" instance=ExtResource("24_g6spl")]
transform = Transform3D(1, 0, 0, 0, 1, 0, 0, 0, 1, -5.9454913, 0.09877783, -7.38982)

[node name="tree_pine_yellow_small8" parent="Scenario/Trees" instance=ExtResource("24_g6spl")]
transform = Transform3D(1, 0, 0, 0, 1, 0, 0, 0, 1, -3.4767554, 0.09877783, -8.365927)

[node name="InvWalls" type="Node3D" parent="Scenario"]

[node name="InvisibleWall_North" type="StaticBody3D" parent="Scenario/InvWalls"]
transform = Transform3D(1, 0, 0, 0, 1, 0, 0, 0, 1, 0.9812989, 0, -6.971339)
collision_layer = 2
collision_mask = 5

[node name="CollisionShape3D" type="CollisionShape3D" parent="Scenario/InvWalls/InvisibleWall_North"]
transform = Transform3D(1, 0, 0, 0, 1, 0, 0, 0, 1, 0, 2.32, 0)
shape = SubResource("BoxShape3D_0bxlt")

[node name="InvisibleWall_South" type="StaticBody3D" parent="Scenario/InvWalls"]
transform = Transform3D(-1, 0, -8.742278e-08, 0, 1, 0, 8.742278e-08, 0, -1, 0.98509717, 0, 3.956556)
collision_layer = 2
collision_mask = 5

[node name="CollisionShape3D" type="CollisionShape3D" parent="Scenario/InvWalls/InvisibleWall_South"]
transform = Transform3D(1, 0, 0, 0, 1, 0, 0, 0, 1, 0, 2.32, 0)
shape = SubResource("BoxShape3D_0bxlt")

[node name="InvisibleWall_West" type="StaticBody3D" parent="Scenario/InvWalls"]
transform = Transform3D(-4.371139e-08, 0, 1, 0, 1, 0, -1, 0, -4.371139e-08, -5.978845, 0, -1.530602)
collision_layer = 2
collision_mask = 5

[node name="CollisionShape3D" type="CollisionShape3D" parent="Scenario/InvWalls/InvisibleWall_West"]
transform = Transform3D(1, 0, 0, 0, 1, 0, 0, 0, 1, 0, 2.32, 0)
shape = SubResource("BoxShape3D_58qbg")

[node name="InvisibleWall_East" type="StaticBody3D" parent="Scenario/InvWalls"]
transform = Transform3D(-4.371139e-08, 0, -1, 0, 1, 0, 1, 0, -4.371139e-08, 7.983062, 0, -1.516191)
collision_layer = 2
collision_mask = 5

[node name="CollisionShape3D" type="CollisionShape3D" parent="Scenario/InvWalls/InvisibleWall_East"]
transform = Transform3D(1, 0, 0, 0, 1, 0, 0, 0, 1, 0, 2.32, 0)
shape = SubResource("BoxShape3D_gnsnf")

[connection signal="was_hit" from="Enemy" to="." method="_on_enemy_was_hit"]
